13603 12968 23888 11363 26611
32680 28088 20257 5449 31767 29323 19078 7364 13033 14221 19293 1510 8913
26279 16571 11893 7442 26318 21016 23341 12734 8328 25831 27912 32408 3838 1471 1041 4622 31534 15544 7888 27669 12941 31101 
18725 23647 13297 7720 24239 27077 17398 24249 32604 17375 22407 15275 10711 26556 19527 23973 24444 8023 6
4560 23347 4583 1565 11703 679 22350 31461 6057 9780 6587 14492 10955 30266 17062 21290 31349 2948 20281 15457 13631 3602 27652 16609 15967 14619 30962 19512 2897
3292 14469 10921 21846 28855 12362 20636 22007 18593 1891 27152 31649 5847 8039 22864 19005 3882 24117 10446 11850 2225 10459 10866 28381 14267 1462 8498 229

8878 20088 7995 7804 16977 20342 26053 12945 567 409 18214 16211 129 29509 7



22330 22717 9120 5861 15032 10764 4251 12413 17047 12732 17378 16094 2324 19111 28731 8132 21191 19859 22434 26703 3881 8105 28652 1807 16981
15018 19549 15371 3163 21584 19698 16378 9417 32407 21170 831 13995 10783 20425 9001 20131 17241 2041 31039 12714 18084
28804 27978 24502 9316 16377 14351 6206 25489 11876 13880 22983 8742 17232 30385 18144 19083 2389 15430 12154 25593 17817 26385 9361 26508 18583 
